7.66765e-53/2.66247e-50/6.84888e-48/1.30516e-45/1.84257e-43/1.92705e-41/1.49305e-39/8.56971e-38/3.64393e-36/1.14785e-34/2.67864e-33/4.63077e-32/5.93067e-31/5.62687e-30/3.95495e-29/2.05933e-28/7.94373e-28/2.27004e-27/4.80567e-27/7.5368e-27/8.75651e-27/7.5368e-27/4.80567e-27/2.27004e-27/7.94373e-28/2.05933e-28/3.95495e-29/5.62687e-30/5.93067e-31/4.63077e-32/2.67864e-33/1.14785e-34/3.64393e-36/8.56971e-38/1.49305e-39/1.92705e-41/1.84257e-43/1.30516e-45/6.84888e-48/2.66247e-50/2.66247e-50/9.24501e-48/2.37817e-45/4.53198e-43/6.39802e-41/6.69137e-39/5.18437e-37/2.9757e-35/1.2653e-33/3.98574e-32/9.30115e-31/1.60796e-29/2.05933e-28/1.95384e-27/1.37329e-26/7.15072e-26/2.75834e-25/7.88236e-25/1.6687e-24/2.61704e-24/3.04056e-24/2.61704e-24/1.6687e-24/7.88236e-25/2.75834e-25/7.15072e-26/1.37329e-26/1.95384e-27/2.05933e-28/1.60796e-29/9.30115e-31/3.98574e-32/1.2653e-33/2.9757e-35/5.18437e-37/6.69137e-39/6.39802e-41/4.53198e-43/2.37817e-45/9.24501e-48/6.84888e-48/2.37817e-45/6.11753e-43/1.1658e-40/1.64581e-38/1.72127e-36/1.33361e-34/7.65461e-33/3.25482e-31/1.02528e-29/2.3926e-28/4.13628e-27/5.29738e-26/5.02601e-25/3.53263e-24/1.83943e-23/7.09547e-23/2.02764e-22/4.29251e-22/6.732e-22/7.82147e-22/6.732e-22/4.29251e-22/2.02764e-22/7.09547e-23/1.83943e-23/3.53263e-24/5.02601e-25/5.29738e-26/4.13628e-27/2.3926e-28/1.02528e-29/3.25482e-31/7.65461e-33/1.33361e-34/1.72127e-36/1.64581e-38/1.1658e-40/6.11753e-43/2.37817e-45/1.30516e-45/4.53198e-43/1.1658e-40/2.22161e-38/3.13636e-36/3.28016e-34/2.54142e-32/1.45871e-30/6.20259e-29/1.95384e-27/4.5595e-26/7.88236e-25/1.0095e-23/9.57789e-23/6.732e-22/3.50534e-21/1.35216e-20/3.864e-20/8.18008e-20/1.28289e-19/1.49051e-19/1.28289e-19/8.18008e-20/3.864e-20/1.35216e-20/3.50534e-21/6.732e-22/9.57789e-23/1.0095e-23/7.88236e-25/4.5595e-26/1.95384e-27/6.20259e-29/1.45871e-30/2.54142e-32/3.28016e-34/3.13636e-36/2.22161e-38/1.1658e-40/4.53198e-43/1.84257e-43/6.39802e-41/1.64581e-38/3.13636e-36/4.42776e-34/4.63077e-32/3.58785e-30/2.05933e-28/8.75651e-27/2.75834e-25/6.43687e-24/1.11279e-22/1.42516e-21/1.35216e-20/9.5039e-20/4.94866e-19/1.90891e-18/5.45499e-18/1.15482e-17/1.81112e-17/2.10422e-17/1.81112e-17/1.15482e-17/5.45499e-18/1.90891e-18/4.94866e-19/9.5039e-20/1.35216e-20/1.42516e-21/1.11279e-22/6.43687e-24/2.75834e-25/8.75651e-27/2.05933e-28/3.58785e-30/4.63077e-32/4.42776e-34/3.13636e-36/1.64581e-38/6.39802e-41/1.92705e-41/6.69137e-39/1.72127e-36/3.28016e-34/4.63077e-32/4.84309e-30/3.75235e-28/2.15375e-26/9.158e-25/2.8848e-23/6.732e-22/1.16381e-20/1.49051e-19/1.41415e-18/9.93965e-18/5.17556e-17/1.99643e-16/5.70511e-16/1.20777e-15/1.89416e-15/2.2007e-15/1.89416e-15/1.20777e-15/5.70511e-16/1.99643e-16/5.17556e-17/9.93965e-18/1.41415e-18/1.49051e-19/1.16381e-20/6.732e-22/2.8848e-23/9.158e-25/2.15375e-26/3.75235e-28/4.84309e-30/4.63077e-32/3.28016e-34/1.72127e-36/6.69137e-39/1.49305e-39/5.18437e-37/1.33361e-34/2.54142e-32/3.58785e-30/3.75235e-28/2.90726e-26/1.6687e-24/7.09547e-23/2.2351e-21/5.21585e-20/9.01705e-19/1.15482e-17/1.09567e-16/7.70109e-16/4.00994e-15/1.5468e-14/4.42023e-14/9.35762e-14/1.46757e-13/1.70507e-13/1.46757e-13/9.35762e-14/4.42023e-14/1.5468e-14/4.00994e-15/7.70109e-16/1.09567e-16/1.15482e-17/9.01705e-19/5.21585e-20/2.2351e-21/7.09547e-23/1.6687e-24/2.90726e-26/3.75235e-28/3.58785e-30/2.54142e-32/1.33361e-34/5.18437e-37/8.56971e-38/2.9757e-35/7.65461e-33/1.45871e-30/2.05933e-28/2.15375e-26/1.6687e-24/9.57789e-23/4.07262e-21/1.28289e-19/2.99376e-18/5.17556e-17/6.62839e-16/6.28884e-15/4.42023e-14/2.3016e-13/8.87827e-13/2.5371e-12/5.37104e-12/8.42346e-12/9.78667e-12/8.42346e-12/5.37104e-12/2.5371e-12/8.87827e-13/2.3016e-13/4.42023e-14/6.28884e-15/6.62839e-16/5.17556e-17/2.99376e-18/1.28289e-19/4.07262e-21/9.57789e-23/1.6687e-24/2.15375e-26/2.05933e-28/1.45871e-30/7.65461e-33/2.9757e-35/3.64393e-36/1.2653e-33/3.25482e-31/6.20259e-29/8.75651e-27/9.158e-25/7.09547e-23/4.07262e-21/1.73172e-19/5.45499e-18/1.27298e-16/2.2007e-15/2.81846e-14/2.67408e-13/1.87953e-12/9.78667e-12/3.77513e-11/1.0788e-10/2.28382e-10/3.58175e-10/4.1614e-10/3.58175e-10/2.28382e-10/1.0788e-10/3.77513e-11/9.78667e-12/1.87953e-12/2.67408e-13/2.81846e-14/2.2007e-15/1.27298e-16/5.45499e-18/1.73172e-19/4.07262e-21/7.09547e-23/9.158e-25/8.75651e-27/6.20259e-29/3.25482e-31/1.2653e-33/1.14785e-34/3.98574e-32/1.02528e-29/1.95384e-27/2.75834e-25/2.8848e-23/2.2351e-21/1.28289e-19/5.45499e-18/1.71834e-16/4.00994e-15/6.9323e-14/8.87827e-13/8.42346e-12/5.92059e-11/3.08284e-10/1.18918e-09/3.39827e-09/7.19413e-09/1.12826e-08/1.31086e-08/1.12826e-08/7.19413e-09/3.39827e-09/1.18918e-09/3.08284e-10/5.92059e-11/8.42346e-12/8.87827e-13/6.9323e-14/4.00994e-15/1.71834e-16/5.45499e-18/1.28289e-19/2.2351e-21/2.8848e-23/2.75834e-25/1.95384e-27/1.02528e-29/3.98574e-32/2.67864e-33/9.30115e-31/2.3926e-28/4.5595e-26/6.43687e-24/6.732e-22/5.21585e-20/2.99376e-18/1.27298e-16/4.00994e-15/9.35762e-14/1.61773e-12/2.07184e-11/1.9657e-10/1.38163e-09/7.19413e-09/2.77508e-08/7.93022e-08/1.67883e-07/2.63293e-07/3.05902e-07/2.63293e-07/1.67883e-07/7.93022e-08/2.77508e-08/7.19413e-09/1.38163e-09/1.9657e-10/2.07184e-11/1.61773e-12/9.35762e-14/4.00994e-15/1.27298e-16/2.99376e-18/5.21585e-20/6.732e-22/6.43687e-24/4.5595e-26/2.3926e-28/9.30115e-31/4.63077e-32/1.60796e-29/4.13628e-27/7.88236e-25/1.11279e-22/1.16381e-20/9.01705e-19/5.17556e-17/2.2007e-15/6.9323e-14/1.61773e-12/2.79669e-11/3.58175e-10/3.39827e-09/2.38854e-08/1.24371e-07/4.7975e-07/1.37096e-06/2.90232e-06/4.55174e-06/5.28837e-06/4.55174e-06/2.90232e-06/1.37096e-06/4.7975e-07/1.24371e-07/2.38854e-08/3.39827e-09/3.58175e-10/2.79669e-11/1.61773e-12/6.9323e-14/2.2007e-15/5.17556e-17/9.01705e-19/1.16381e-20/1.11279e-22/7.88236e-25/4.13628e-27/1.60796e-29/5.93067e-31/2.05933e-28/5.29738e-26/1.0095e-23/1.42516e-21/1.49051e-19/1.15482e-17/6.62839e-16/2.81846e-14/8.87827e-13/2.07184e-11/3.58175e-10/4.58718e-09/4.3522e-08/3.05902e-07/1.59283e-06/6.14421e-06/1.7558e-05/3.71703e-05/5.82947e-05/6.77287e-05/5.82947e-05/3.71703e-05/1.7558e-05/6.14421e-06/1.59283e-06/3.05902e-07/4.3522e-08/4.58718e-09/3.58175e-10/2.07184e-11/8.87827e-13/2.81846e-14/6.62839e-16/1.15482e-17/1.49051e-19/1.42516e-21/1.0095e-23/5.29738e-26/2.05933e-28/5.62687e-30/1.95384e-27/5.02601e-25/9.57789e-23/1.35216e-20/1.41415e-18/1.09567e-16/6.28884e-15/2.67408e-13/8.42346e-12/1.9657e-10/3.39827e-09/4.3522e-08/4.12925e-07/2.90232e-06/1.51123e-05/5.82947e-05/0.000166586/0.000352662/0.000553084/0.000642592/0.000553084/0.000352662/0.000166586/5.82947e-05/1.51123e-05/2.90232e-06/4.12925e-07/4.3522e-08/3.39827e-09/1.9657e-10/8.42346e-12/2.67408e-13/6.28884e-15/1.09567e-16/1.41415e-18/1.35216e-20/9.57789e-23/5.02601e-25/1.95384e-27/3.95495e-29/1.37329e-26/3.53263e-24/6.732e-22/9.5039e-20/9.93965e-18/7.70109e-16/4.42023e-14/1.87953e-12/5.92059e-11/1.38163e-09/2.38854e-08/3.05902e-07/2.90232e-06/2.03995e-05/0.00010622/0.000409735/0.00117088/0.00247875/0.00388746/0.00451658/0.00388746/0.00247875/0.00117088/0.000409735/0.00010622/2.03995e-05/2.90232e-06/3.05902e-07/2.38854e-08/1.38163e-09/5.92059e-11/1.87953e-12/4.42023e-14/7.70109e-16/9.93965e-18/9.5039e-20/6.732e-22/3.53263e-24/1.37329e-26/2.05933e-28/7.15072e-26/1.83943e-23/3.50534e-21/4.94866e-19/5.17556e-17/4.00994e-15/2.3016e-13/9.78667e-12/3.08284e-10/7.19413e-09/1.24371e-07/1.59283e-06/1.51123e-05/0.00010622/0.000553084/0.00213348/0.00609675/0.0129068/0.0202419/0.0235177/0.0202419/0.0129068/0.00609675/0.00213348/0.000553084/0.00010622/1.51123e-05/1.59283e-06/1.24371e-07/7.19413e-09/3.08284e-10/9.78667e-12/2.3016e-13/4.00994e-15/5.17556e-17/4.94866e-19/3.50534e-21/1.83943e-23/7.15072e-26/7.94373e-28/2.75834e-25/7.09547e-23/1.35216e-20/1.90891e-18/1.99643e-16/1.5468e-14/8.87827e-13/3.77513e-11/1.18918e-09/2.77508e-08/4.7975e-07/6.14421e-06/5.82947e-05/0.000409735/0.00213348/0.00822975/0.0235177/0.0497871/0.0780817/0.090718/0.0780817/0.0497871/0.0235177/0.00822975/0.00213348/0.000409735/5.82947e-05/6.14421e-06/4.7975e-07/2.77508e-08/1.18918e-09/3.77513e-11/8.87827e-13/1.5468e-14/1.99643e-16/1.90891e-18/1.35216e-20/7.09547e-23/2.75834e-25/2.27004e-27/7.88236e-25/2.02764e-22/3.864e-20/5.45499e-18/5.70511e-16/4.42023e-14/2.5371e-12/1.0788e-10/3.39827e-09/7.93022e-08/1.37096e-06/1.7558e-05/0.000166586/0.00117088/0.00609675/0.0235177/0.0672055/0.142274/0.22313/0.25924/0.22313/0.142274/0.0672055/0.0235177/0.00609675/0.00117088/0.000166586/1.7558e-05/1.37096e-06/7.93022e-08/3.39827e-09/1.0788e-10/2.5371e-12/4.42023e-14/5.70511e-16/5.45499e-18/3.864e-20/2.02764e-22/7.88236e-25/4.80567e-27/1.6687e-24/4.29251e-22/8.18008e-20/1.15482e-17/1.20777e-15/9.35762e-14/5.37104e-12/2.28382e-10/7.19413e-09/1.67883e-07/2.90232e-06/3.71703e-05/0.000352662/0.00247875/0.0129068/0.0497871/0.142274/0.301194/0.472367/0.548812/0.472367/0.301194/0.142274/0.0497871/0.0129068/0.00247875/0.000352662/3.71703e-05/2.90232e-06/1.67883e-07/7.19413e-09/2.28382e-10/5.37104e-12/9.35762e-14/1.20777e-15/1.15482e-17/8.18008e-20/4.29251e-22/1.6687e-24/7.5368e-27/2.61704e-24/6.732e-22/1.28289e-19/1.81112e-17/1.89416e-15/1.46757e-13/8.42346e-12/3.58175e-10/1.12826e-08/2.63293e-07/4.55174e-06/5.82947e-05/0.000553084/0.00388746/0.0202419/0.0780817/0.22313/0.472367/0.740818/0.860708/0.740818/0.472367/0.22313/0.0780817/0.0202419/0.00388746/0.000553084/5.82947e-05/4.55174e-06/2.63293e-07/1.12826e-08/3.58175e-10/8.42346e-12/1.46757e-13/1.89416e-15/1.81112e-17/1.28289e-19/6.732e-22/2.61704e-24/8.75651e-27/3.04056e-24/7.82147e-22/1.49051e-19/2.10422e-17/2.2007e-15/1.70507e-13/9.78667e-12/4.1614e-10/1.31086e-08/3.05902e-07/5.28837e-06/6.77287e-05/0.000642592/0.00451658/0.0235177/0.090718/0.25924/0.548812/0.860708/1/0.860708/0.548812/0.25924/0.090718/0.0235177/0.00451658/0.000642592/6.77287e-05/5.28837e-06/3.05902e-07/1.31086e-08/4.1614e-10/9.78667e-12/1.70507e-13/2.2007e-15/2.10422e-17/1.49051e-19/7.82147e-22/3.04056e-24/7.5368e-27/2.61704e-24/6.732e-22/1.28289e-19/1.81112e-17/1.89416e-15/1.46757e-13/8.42346e-12/3.58175e-10/1.12826e-08/2.63293e-07/4.55174e-06/5.82947e-05/0.000553084/0.00388746/0.0202419/0.0780817/0.22313/0.472367/0.740818/0.860708/0.740818/0.472367/0.22313/0.0780817/0.0202419/0.00388746/0.000553084/5.82947e-05/4.55174e-06/2.63293e-07/1.12826e-08/3.58175e-10/8.42346e-12/1.46757e-13/1.89416e-15/1.81112e-17/1.28289e-19/6.732e-22/2.61704e-24/4.80567e-27/1.6687e-24/4.29251e-22/8.18008e-20/1.15482e-17/1.20777e-15/9.35762e-14/5.37104e-12/2.28382e-10/7.19413e-09/1.67883e-07/2.90232e-06/3.71703e-05/0.000352662/0.00247875/0.0129068/0.0497871/0.142274/0.301194/0.472367/0.548812/0.472367/0.301194/0.142274/0.0497871/0.0129068/0.00247875/0.000352662/3.71703e-05/2.90232e-06/1.67883e-07/7.19413e-09/2.28382e-10/5.37104e-12/9.35762e-14/1.20777e-15/1.15482e-17/8.18008e-20/4.29251e-22/1.6687e-24/2.27004e-27/7.88236e-25/2.02764e-22/3.864e-20/5.45499e-18/5.70511e-16/4.42023e-14/2.5371e-12/1.0788e-10/3.39827e-09/7.93022e-08/1.37096e-06/1.7558e-05/0.000166586/0.00117088/0.00609675/0.0235177/0.0672055/0.142274/0.22313/0.25924/0.22313/0.142274/0.0672055/0.0235177/0.00609675/0.00117088/0.000166586/1.7558e-05/1.37096e-06/7.93022e-08/3.39827e-09/1.0788e-10/2.5371e-12/4.42023e-14/5.70511e-16/5.45499e-18/3.864e-20/2.02764e-22/7.88236e-25/7.94373e-28/2.75834e-25/7.09547e-23/1.35216e-20/1.90891e-18/1.99643e-16/1.5468e-14/8.87827e-13/3.77513e-11/1.18918e-09/2.77508e-08/4.7975e-07/6.14421e-06/5.82947e-05/0.000409735/0.00213348/0.00822975/0.0235177/0.0497871/0.0780817/0.090718/0.0780817/0.0497871/0.0235177/0.00822975/0.00213348/0.000409735/5.82947e-05/6.14421e-06/4.7975e-07/2.77508e-08/1.18918e-09/3.77513e-11/8.87827e-13/1.5468e-14/1.99643e-16/1.90891e-18/1.35216e-20/7.09547e-23/2.75834e-25/2.05933e-28/7.15072e-26/1.83943e-23/3.50534e-21/4.94866e-19/5.17556e-17/4.00994e-15/2.3016e-13/9.78667e-12/3.08284e-10/7.19413e-09/1.24371e-07/1.59283e-06/1.51123e-05/0.00010622/0.000553084/0.00213348/0.00609675/0.0129068/0.0202419/0.0235177/0.0202419/0.0129068/0.00609675/0.00213348/0.000553084/0.00010622/1.51123e-05/1.59283e-06/1.24371e-07/7.19413e-09/3.08284e-10/9.78667e-12/2.3016e-13/4.00994e-15/5.17556e-17/4.94866e-19/3.50534e-21/1.83943e-23/7.15072e-26/3.95495e-29/1.37329e-26/3.53263e-24/6.732e-22/9.5039e-20/9.93965e-18/7.70109e-16/4.42023e-14/1.87953e-12/5.92059e-11/1.38163e-09/2.38854e-08/3.05902e-07/2.90232e-06/2.03995e-05/0.00010622/0.000409735/0.00117088/0.00247875/0.00388746/0.00451658/0.00388746/0.00247875/0.00117088/0.000409735/0.00010622/2.03995e-05/2.90232e-06/3.05902e-07/2.38854e-08/1.38163e-09/5.92059e-11/1.87953e-12/4.42023e-14/7.70109e-16/9.93965e-18/9.5039e-20/6.732e-22/3.53263e-24/1.37329e-26/5.62687e-30/1.95384e-27/5.02601e-25/9.57789e-23/1.35216e-20/1.41415e-18/1.09567e-16/6.28884e-15/2.67408e-13/8.42346e-12/1.9657e-10/3.39827e-09/4.3522e-08/4.12925e-07/2.90232e-06/1.51123e-05/5.82947e-05/0.000166586/0.000352662/0.000553084/0.000642592/0.000553084/0.000352662/0.000166586/5.82947e-05/1.51123e-05/2.90232e-06/4.12925e-07/4.3522e-08/3.39827e-09/1.9657e-10/8.42346e-12/2.67408e-13/6.28884e-15/1.09567e-16/1.41415e-18/1.35216e-20/9.57789e-23/5.02601e-25/1.95384e-27/5.93067e-31/2.05933e-28/5.29738e-26/1.0095e-23/1.42516e-21/1.49051e-19/1.15482e-17/6.62839e-16/2.81846e-14/8.87827e-13/2.07184e-11/3.58175e-10/4.58718e-09/4.3522e-08/3.05902e-07/1.59283e-06/6.14421e-06/1.7558e-05/3.71703e-05/5.82947e-05/6.77287e-05/5.82947e-05/3.71703e-05/1.7558e-05/6.14421e-06/1.59283e-06/3.05902e-07/4.3522e-08/4.58718e-09/3.58175e-10/2.07184e-11/8.87827e-13/2.81846e-14/6.62839e-16/1.15482e-17/1.49051e-19/1.42516e-21/1.0095e-23/5.29738e-26/2.05933e-28/4.63077e-32/1.60796e-29/4.13628e-27/7.88236e-25/1.11279e-22/1.16381e-20/9.01705e-19/5.17556e-17/2.2007e-15/6.9323e-14/1.61773e-12/2.79669e-11/3.58175e-10/3.39827e-09/2.38854e-08/1.24371e-07/4.7975e-07/1.37096e-06/2.90232e-06/4.55174e-06/5.28837e-06/4.55174e-06/2.90232e-06/1.37096e-06/4.7975e-07/1.24371e-07/2.38854e-08/3.39827e-09/3.58175e-10/2.79669e-11/1.61773e-12/6.9323e-14/2.2007e-15/5.17556e-17/9.01705e-19/1.16381e-20/1.11279e-22/7.88236e-25/4.13628e-27/1.60796e-29/2.67864e-33/9.30115e-31/2.3926e-28/4.5595e-26/6.43687e-24/6.732e-22/5.21585e-20/2.99376e-18/1.27298e-16/4.00994e-15/9.35762e-14/1.61773e-12/2.07184e-11/1.9657e-10/1.38163e-09/7.19413e-09/2.77508e-08/7.93022e-08/1.67883e-07/2.63293e-07/3.05902e-07/2.63293e-07/1.67883e-07/7.93022e-08/2.77508e-08/7.19413e-09/1.38163e-09/1.9657e-10/2.07184e-11/1.61773e-12/9.35762e-14/4.00994e-15/1.27298e-16/2.99376e-18/5.21585e-20/6.732e-22/6.43687e-24/4.5595e-26/2.3926e-28/9.30115e-31/1.14785e-34/3.98574e-32/1.02528e-29/1.95384e-27/2.75834e-25/2.8848e-23/2.2351e-21/1.28289e-19/5.45499e-18/1.71834e-16/4.00994e-15/6.9323e-14/8.87827e-13/8.42346e-12/5.92059e-11/3.08284e-10/1.18918e-09/3.39827e-09/7.19413e-09/1.12826e-08/1.31086e-08/1.12826e-08/7.19413e-09/3.39827e-09/1.18918e-09/3.08284e-10/5.92059e-11/8.42346e-12/8.87827e-13/6.9323e-14/4.00994e-15/1.71834e-16/5.45499e-18/1.28289e-19/2.2351e-21/2.8848e-23/2.75834e-25/1.95384e-27/1.02528e-29/3.98574e-32/3.64393e-36/1.2653e-33/3.25482e-31/6.20259e-29/8.75651e-27/9.158e-25/7.09547e-23/4.07262e-21/1.73172e-19/5.45499e-18/1.27298e-16/2.2007e-15/2.81846e-14/2.67408e-13/1.87953e-12/9.78667e-12/3.77513e-11/1.0788e-10/2.28382e-10/3.58175e-10/4.1614e-10/3.58175e-10/2.28382e-10/1.0788e-10/3.77513e-11/9.78667e-12/1.87953e-12/2.67408e-13/2.81846e-14/2.2007e-15/1.27298e-16/5.45499e-18/1.73172e-19/4.07262e-21/7.09547e-23/9.158e-25/8.75651e-27/6.20259e-29/3.25482e-31/1.2653e-33/8.56971e-38/2.9757e-35/7.65461e-33/1.45871e-30/2.05933e-28/2.15375e-26/1.6687e-24/9.57789e-23/4.07262e-21/1.28289e-19/2.99376e-18/5.17556e-17/6.62839e-16/6.28884e-15/4.42023e-14/2.3016e-13/8.87827e-13/2.5371e-12/5.37104e-12/8.42346e-12/9.78667e-12/8.42346e-12/5.37104e-12/2.5371e-12/8.87827e-13/2.3016e-13/4.42023e-14/6.28884e-15/6.62839e-16/5.17556e-17/2.99376e-18/1.28289e-19/4.07262e-21/9.57789e-23/1.6687e-24/2.15375e-26/2.05933e-28/1.45871e-30/7.65461e-33/2.9757e-35/1.49305e-39/5.18437e-37/1.33361e-34/2.54142e-32/3.58785e-30/3.75235e-28/2.90726e-26/1.6687e-24/7.09547e-23/2.2351e-21/5.21585e-20/9.01705e-19/1.15482e-17/1.09567e-16/7.70109e-16/4.00994e-15/1.5468e-14/4.42023e-14/9.35762e-14/1.46757e-13/1.70507e-13/1.46757e-13/9.35762e-14/4.42023e-14/1.5468e-14/4.00994e-15/7.70109e-16/1.09567e-16/1.15482e-17/9.01705e-19/5.21585e-20/2.2351e-21/7.09547e-23/1.6687e-24/2.90726e-26/3.75235e-28/3.58785e-30/2.54142e-32/1.33361e-34/5.18437e-37/1.92705e-41/6.69137e-39/1.72127e-36/3.28016e-34/4.63077e-32/4.84309e-30/3.75235e-28/2.15375e-26/9.158e-25/2.8848e-23/6.732e-22/1.16381e-20/1.49051e-19/1.41415e-18/9.93965e-18/5.17556e-17/1.99643e-16/5.70511e-16/1.20777e-15/1.89416e-15/2.2007e-15/1.89416e-15/1.20777e-15/5.70511e-16/1.99643e-16/5.17556e-17/9.93965e-18/1.41415e-18/1.49051e-19/1.16381e-20/6.732e-22/2.8848e-23/9.158e-25/2.15375e-26/3.75235e-28/4.84309e-30/4.63077e-32/3.28016e-34/1.72127e-36/6.69137e-39/1.84257e-43/6.39802e-41/1.64581e-38/3.13636e-36/4.42776e-34/4.63077e-32/3.58785e-30/2.05933e-28/8.75651e-27/2.75834e-25/6.43687e-24/1.11279e-22/1.42516e-21/1.35216e-20/9.5039e-20/4.94866e-19/1.90891e-18/5.45499e-18/1.15482e-17/1.81112e-17/2.10422e-17/1.81112e-17/1.15482e-17/5.45499e-18/1.90891e-18/4.94866e-19/9.5039e-20/1.35216e-20/1.42516e-21/1.11279e-22/6.43687e-24/2.75834e-25/8.75651e-27/2.05933e-28/3.58785e-30/4.63077e-32/4.42776e-34/3.13636e-36/1.64581e-38/6.39802e-41/1.30516e-45/4.53198e-43/1.1658e-40/2.22161e-38/3.13636e-36/3.28016e-34/2.54142e-32/1.45871e-30/6.20259e-29/1.95384e-27/4.5595e-26/7.88236e-25/1.0095e-23/9.57789e-23/6.732e-22/3.50534e-21/1.35216e-20/3.864e-20/8.18008e-20/1.28289e-19/1.49051e-19/1.28289e-19/8.18008e-20/3.864e-20/1.35216e-20/3.50534e-21/6.732e-22/9.57789e-23/1.0095e-23/7.88236e-25/4.5595e-26/1.95384e-27/6.20259e-29/1.45871e-30/2.54142e-32/3.28016e-34/3.13636e-36/2.22161e-38/1.1658e-40/4.53198e-43/6.84888e-48/2.37817e-45/6.11753e-43/1.1658e-40/1.64581e-38/1.72127e-36/1.33361e-34/7.65461e-33/3.25482e-31/1.02528e-29/2.3926e-28/4.13628e-27/5.29738e-26/5.02601e-25/3.53263e-24/1.83943e-23/7.09547e-23/2.02764e-22/4.29251e-22/6.732e-22/7.82147e-22/6.732e-22/4.29251e-22/2.02764e-22/7.09547e-23/1.83943e-23/3.53263e-24/5.02601e-25/5.29738e-26/4.13628e-27/2.3926e-28/1.02528e-29/3.25482e-31/7.65461e-33/1.33361e-34/1.72127e-36/1.64581e-38/1.1658e-40/6.11753e-43/2.37817e-45/2.66247e-50/9.24501e-48/2.37817e-45/4.53198e-43/6.39802e-41/6.69137e-39/5.18437e-37/2.9757e-35/1.2653e-33/3.98574e-32/9.30115e-31/1.60796e-29/2.05933e-28/1.95384e-27/1.37329e-26/7.15072e-26/2.75834e-25/7.88236e-25/1.6687e-24/2.61704e-24/3.04056e-24/2.61704e-24/1.6687e-24/7.88236e-25/2.75834e-25/7.15072e-26/1.37329e-26/1.95384e-27/2.05933e-28/1.60796e-29/9.30115e-31/3.98574e-32/1.2653e-33/2.9757e-35/5.18437e-37/6.69137e-39/6.39802e-41/4.53198e-43/2.37817e-45/9.24501e-48/